C00177436|33037|5000|1|5000
C00177436|30750|230|1|230
C00177436|04097|384|1|384
C00177436|30004|384|1|384
C00177436|02025|230|1|230
C00177436|04105|384|1|384
C00177436|04105|384|2|768
C00177436|04042|384|1|384
C00177436|04105|384|3|1152
C00177436|04072|260|1|260
C00177436|04011|240|1|240
C00177436|37415|384|1|384
C00177436|22307|384|1|384
C00177436|37405|230|1|230
C00177436|37415|307|2|614
C00177436|37377|384|1|384
C00177436|37415|230|3|844
C00177436|29045|384|1|384
C00177436|01545|230|1|230
C00384818|44139|250|1|250
C00384818|02895|250|1|250
C00384818|02865|333|1|333
C00384818|02895|292|2|583
C00384818|02895|333|3|999
C00384818|02864|250|1|250
C00384818|10583|250|1|250
C00384818|02864|250|2|500
C00384818|02895|292|4|1207
C00384818|02895|333|5|1623
C00384818|19406|200|1|200
C00384818|02895|292|6|1873
C00384818|02895|250|7|2123
C00384818|75039|416|1|416
C00384818|07932|250|1|250
C00384818|07932|333|2|666
C00384818|02895|250|8|2373
C00384818|75039|416|2|832
C00384818|02864|250|3|750
C00384818|02864|250|4|958
C00384818|45202|416|1|416
C00384818|02865|292|2|583
C00384818|02865|333|3|999
C00384818|02895|250|9|2623
C00384818|02895|250|10|3039
C00384818|76262|0|1|0
C00384818|20004|250|1|250
C00384818|07932|416|3|1082
C00384818|02865|292|4|1249
C00384818|02895|250|11|3289
C00384818|02895|250|12|3705
C00384818|02895|250|13|4105
C00384818|85260|250|1|250
C00384818|60062|250|1|250
C00384818|02895|250|14|4355
C00384818|20004|333|2|666
C00384818|02895|250|15|4605
C00384818|07932|333|4|1332
C00384818|02895|250|16|5021
C00384818|02864|250|5|1208
C00384818|02895|250|17|5271
C00377051|95608|1000|1|1000
C00528455|10001|15000|1|15000
C00242271|40059|384|1|384
C00242271|40242|210|1|210
C00242271|40207|380|1|380
C00242271|40241|384|1|384
C00242271|40059|367|2|734
C00242271|40059|384|3|1118
C00387753|29304|500|1|500
C00387753|29601|260|1|260
C00051979|43220|264|1|264
C00387753|37766|384|1|384
C00387753|29330|400|1|400
C00371948|44317|416|1|416
C00371948|20005|416|1|416
C00371948|37214|250|1|250
C00051979|43081|415|1|415
C00051979|43082|416|1|416
C00051979|10502|416|1|416
C00051979|45248|227|1|227
C00051979|43054|416|1|416
C00051979|43017|416|1|416
C00051979|43081|602|2|1203
C00051979|43017|318|2|636
C00051979|43016|204|1|204
C00051979|43146|301|1|301
C00051979|15401|363|1|363
C00051979|20817|416|1|416
C00051979|60611|408|1|408
C00051979|40502|230|1|230
C00051979|43017|235|3|871
C00051979|43017|324|4|1284
C00051979|03106|218|1|218
C00051979|46307|416|1|416
C00051979|46360|231|1|231
C00051979|43054|416|2|832
C00051979|46373|201|1|201
C00051979|60189|262|1|262
C00051979|43017|413|5|1700
C00051979|01581|350|1|350
C00051979|23434|246|1|246
C00051979|43206|416|1|416
C00051979|43085|223|1|223
C00119776|30342|349|1|349
C00051979|43016|239|2|477
C00051979|60422|398|1|398
C00051979|46385|210|1|210
C00619262|49053|90869|1|90869
C00592030|10021|5000|1|5000
C00104083|17050|190|1|190
C00473249|85255|500|1|500
C00473249|85032|500|1|500
C00473249|85255|500|2|1000
C00473249|85054|250|1|250
C00473249|85258|500|1|500
C00473249|85032|500|2|1000
C00473249|85259|575|1|575
C00473249|85004|850|1|850
C00104083|17102|250|1|250
C00104083|17050|190|2|380
C00397455|40245|115|1|115
C00397455|40059|115|1|115
C00397455|40245|115|2|230
C00397455|40067|192|1|192
C00478099|10577|250|1|250
C00478099|10577|250|2|500
C00478099|10577|250|3|750
C00478099|10577|250|4|1166
C00478099|10577|250|5|1374
C00478099|10577|250|6|1624
C00478099|10577|250|7|1874
C00478099|10577|250|8|2290
C00478099|10577|250|9|2540
C00478099|10577|250|10|2790
C00478099|10577|250|11|3040
C00478099|10577|250|12|3290
C00478099|10577|250|13|3540
C00478099|10577|250|14|3956
C00478099|10577|250|15|4206
C00478099|10577|250|16|4622
C00478099|10577|250|17|5038
C00478099|10577|250|18|5288
C00478099|10577|250|19|5538
C00478099|10577|250|20|5954
C00478099|10577|250|21|6370
C00478099|10577|250|22|6620
C00264689|60827|250|1|250
C00264689|60614|250|1|250
C00280222|10154|800|1|800
C00280222|10154|650|2|1300
C00131607|32963|1000|1|1000
C00131607|33826|500|1|500
C00131607|33825|500|1|500
C00131607|34265|500|1|500
C00131607|34956|250|1|250
C00131607|34736|1000|1|1000
C00131607|33813|250|1|250
C00131607|34266|500|1|500
C00131607|32804|250|1|250
C00131607|32963|625|2|1250
C00131607|32963|250|3|1500
C00455733|92646|234|1|234
C00455733|48226|624|1|624
C00455733|48070|234|1|234
C00455733|48307|624|1|624
C00455733|48371|234|1|234
C00455733|44072|234|1|234
C00455733|48152|234|1|234
C00455733|48189|624|1|624
C00455733|48301|234|1|234
C00455733|49201|230|1|230
C00455733|48310|234|1|234
C00455733|75225|234|1|234
C00455733|90043|234|1|234
C00455733|48348|234|1|234
C00455733|48073|234|1|234
C00416693|92618|5000|1|5000
C00416693|94607|500|1|500
C00416693|53226|500|1|500
C00484592|12193|400|1|400
C00484592|92113|300|1|300
C00484592|61814|200|1|200
C00484592|45086|500|1|500
C00484592|62525|200|1|200
C00484592|56119|150|1|150
C00484592|56119|175|2|350
C00484592|65109|1000|1|1000
C00484592|65110|400|1|400
C00484592|65101|500|1|500
C00484592|65101|350|2|700
C00572198|74117|500|1|500
C00572198|85253|5000|1|5000
C00574954|33404|750|1|750
C00250753|20814|365|1|365
C00250753|60638|500|1|500
C00250753|77024|730|1|730
C00630012|20011|0|1|0
C00630012|20011|0|2|0
C00630012|20011|0|3|0
C00630012|20011|0|4|0
C00630012|20011|0|5|0
C00630012|20011|0|6|0
C00630012|20011|0|7|0
C00630012|20011|0|8|0
C00630012|20011|0|9|0
C00630012|20011|0|10|0
C00630012|20011|0|11|0
C00630012|20011|0|12|0
C00630012|20011|0|13|0
C00630012|20011|0|14|0
C00630012|20011|0|15|0
C00630012|20011|0|16|0
C00630012|20011|0|17|0
C00630012|20011|0|18|0
C00630012|20011|0|19|0
C00630012|20011|0|20|0
C00630012|20011|0|21|0
C00630012|20011|0|22|0
C00630012|20011|0|23|0
C00630012|20011|0|24|0
C00630012|20011|0|25|0
C00630012|20011|0|26|0
C00630012|20011|0|27|0
C00630012|20011|0|28|0
C00630012|20011|0|29|0
C00630012|20011|0|30|0
C00630012|20011|0|31|0
C00630012|20011|0|32|0
C00630012|20011|0|33|0
C00630012|20011|0|34|0
C00630012|20011|0|35|0
C00630012|20011|0|36|0
C00630012|20011|0|37|0
C00630012|20011|0|38|0
C00630012|63105|0|1|0
C00630012|63105|0|2|0
C00630012|63105|0|3|0
C00630012|63105|0|4|0
C00630012|63105|0|5|0
C00630012|63105|0|6|0
C00630012|63105|0|7|0
C00630012|63105|0|8|0
C00630012|63105|0|9|0
C00630012|63105|0|10|0
C00630012|63105|0|11|0
C00630012|63105|0|12|0
C00630012|63105|0|13|0
C00630012|63105|0|14|0
C00630012|63105|0|15|0
C00630012|20011|0|39|0
C00630012|20011|0|40|0
C00630012|20011|0|41|0
C00630012|20011|0|42|0
C00630012|20011|0|43|0
C00630012|20011|0|44|0
C00630012|20011|0|45|0
C00630012|20011|0|46|0
C00630012|20011|0|47|0
C00630012|63105|0|16|0
C00630012|63105|0|17|0
C00630012|63105|0|18|0
C00630012|63105|0|19|0
C00630012|63105|0|20|0
C00630012|63105|0|21|0
C00630012|63105|0|22|0
C00630012|63105|0|23|0
C00630012|63105|0|24|0
C00630012|63105|0|25|0
C00630012|63105|0|26|0
C00630012|63105|0|27|0
C00630012|63105|0|28|0
C00630012|63105|0|29|0
C00630012|20011|0|48|0
C00630012|20011|0|49|0
C00630012|20011|0|50|0
C00630012|20011|0|51|0
C00630012|20011|0|52|0
C00630012|20011|0|53|0
C00630012|20011|0|54|0
C00630012|20011|0|55|0
C00630012|20011|0|56|0
C00630012|20011|0|57|0
C00630012|20011|0|58|0
C00630012|20011|0|59|0
C00630012|20011|0|60|0
C00630012|20011|0|61|0
C00630012|63105|0|30|0
C00630012|63105|0|31|0
C00630012|63105|0|32|0
C00630012|63105|0|33|0
C00630012|63105|0|34|0
C00630012|63105|0|35|0
C00630012|63105|0|36|0
C00630012|63105|0|37|0
C00630012|63105|0|38|0
C00630012|63105|0|39|0
C00630012|63105|0|40|0
C00630012|63105|0|41|0
C00630012|63105|0|42|0
C00630012|63105|0|43|0
C00630012|63105|0|44|0
C00630012|63105|0|45|0
C00630012|63105|0|46|0
C00630012|63105|0|47|0
C00630012|63105|0|48|0
C00630012|63105|0|49|0
C00630012|63105|0|50|0
C00630012|63105|0|51|0
C00630012|63105|0|52|0
C00630012|63105|0|53|0
C00630012|20011|0|62|0
C00630012|20011|0|63|0
C00630012|20011|0|64|0
C00630012|20011|0|65|0
C00630012|20011|0|66|0
C00630012|20011|0|67|0
C00630012|20011|0|68|0
C00630012|20011|0|69|0
C00630012|20011|0|70|0
C00630012|20011|0|71|0
C00630012|20011|0|72|0
C00630012|20011|0|73|0
C00630012|20011|0|74|0
C00630012|20011|0|75|0
C00630012|20011|0|76|0
C00630012|20011|0|77|0
C00630012|20011|0|78|0
C00630012|20011|0|79|0
C00630012|20011|0|80|0
C00630012|20011|0|81|0
C00630012|20011|0|82|0
C00630012|20011|0|83|0
C00630012|20011|0|84|0
C00630012|20011|0|85|0
C00630012|20011|0|86|0
C00630012|20011|0|87|0
C00630012|20011|0|88|0
C00630012|20011|0|89|0
C00630012|20011|0|90|0
C00630012|20011|0|91|0
C00630012|20011|0|92|0
C00630012|20011|0|93|0
C00630012|63105|0|54|0
C00630012|63105|0|55|0
C00630012|63105|0|56|0
C00630012|63105|0|57|0
C00630012|63105|0|58|0
C00630012|63105|0|59|0
C00630012|63105|0|60|0
C00630012|63105|0|61|0
C00630012|20011|0|94|0
C00630012|63105|0|62|0
C00630012|63105|0|63|0
C00630012|63105|0|64|0
C00630012|63105|0|65|0
